Channel 2 - Source Symbol: v2,X Axis,Y Axis,
512
979
915
995
979
979
979
915
915
915
915
915
915
995
979
979
979
979
979
979
995
995
995
979
979
995
995
995
995
979
995
995
979
1043
995
1059
995
995
995
931
931
995
995
995
931
931
947
1011
931
931
931
883
947
947
1011
931
931
931
1011
931
931
947
931
883
947
931
931
931
931
867
883
883
947
931
931
931
867
947
931
931
931
883
947
947
947
947
931
931
947
947
947
947
995
931
947
947
931
931
931
995
979
979
995
995
979
995
995
979
947
931
931
931
995
995
995
1059
1043
979
979
995
995
995
979
1043
979
979
979
979
979
979
995
979
979
915
931
995
979
1059
979
979
979
915
931
931
995
979
979
1043
979
979
979
979
979
979
915
995
915
995
979
979
995
1043
979
995
995
995
1043
1043
1043
1043
1043
995
1059
995
995
995
931
947
947
995
931
931
947
931
931
883
883
947
931
947
995
995
931
931
947
995
995
931
931
931
947
867
947
931
931
947
931
931
931
931
931
931
931
867
867
883
947
931
931
995
931
947
947
931
947
947
947
947
883
883
947
947
947
995
931
995
995
979
979
995
1059
1043
1027
1043
979
1043
1043
1043
1043
979
995
1043
1043
1043
1043
979
979
979
979
979
979
979
1043
979
979
995
979
915
915
995
979
915
915
995
979
979
979
979
979
1043
979
979
979
979
995
979
1043
979
995
1043
979
979
979
995
1043
1043
1043
979
995
995
995
931
931
931
931
947
947
947
931
947
995
995
995
931
947
1011
995
995
995
931
995
995
931
931
931
947
947
931
931
883
947
947
931
947
867
883
883
947
947
931
931
883
883
947
931
947
883
883
883
883
947
947
931
947
1011
995
995
995
995
995
995
979
1059
1043
1043
979
1043
979
1043
1043
1043
1043
1043
979
979
979
979
1043
1043
979
979
979
995
979
979
979
979
979
1043
1043
979
979
979
979
979
979
979
979
979
915
979
979
979
979
979
979
979
979
995
995
995
979
979
979
995
979
995
1043
1043
1043
1043
1043
1043
1043
995
995
1059
995
995
995
995
995
931
931
931
995
995
931
931
947
947
931
947
867
947
947
947
947
947
867
883
947
931
931
867
883
883
947
931
931
931
867
947
931
931
947
1011
931
931
947
947
931
931
883
947
947
995
931
931
947
947
947
931
995
995
995
979
995
1043
1043
979
979
995
995
979
979
1043
1043
1043
979
979
995
1043
1043
979
979
979
1043
979
979
979
979
979
